              precision    recall  f1-score   support

           0     0.9928    0.9898    0.9913       980
           1     0.9759    0.9982    0.9869      1135
           2     0.9883    0.9826    0.9854      1032
           3     0.9872    0.9941    0.9906      1010
           4     0.9770    0.9939    0.9854       982
           5     0.9910    0.9843    0.9876       892
           6     0.9855    0.9927    0.9891       958
           7     0.9882    0.9747    0.9814      1028
           8     0.9835    0.9795    0.9815       974
           9     0.9939    0.9703    0.9819      1009

    accuracy                         0.9861     10000
   macro avg     0.9863    0.9860    0.9861     10000
weighted avg     0.9862    0.9861    0.9861     10000
