              precision    recall  f1-score   support

           0     0.9869    0.9980    0.9924       980
           1     0.9947    0.9965    0.9956      1135
           2     0.9884    0.9913    0.9898      1032
           3     0.9921    0.9921    0.9921      1010
           4     0.9919    0.9949    0.9934       982
           5     0.9877    0.9899    0.9888       892
           6     0.9958    0.9885    0.9921       958
           7     0.9845    0.9854    0.9849      1028
           8     0.9928    0.9867    0.9897       974
           9     0.9900    0.9812    0.9856      1009

    accuracy                         0.9905     10000
   macro avg     0.9905    0.9904    0.9904     10000
weighted avg     0.9905    0.9905    0.9905     10000
