              precision    recall  f1-score   support

           0     0.9869    0.9969    0.9919       980
           1     0.9895    0.9956    0.9925      1135
           2     0.9836    0.9874    0.9855      1032
           3     0.9881    0.9881    0.9881      1010
           4     0.9859    0.9959    0.9909       982
           5     0.9888    0.9865    0.9877       892
           6     0.9947    0.9833    0.9890       958
           7     0.9787    0.9844    0.9816      1028
           8     0.9866    0.9815    0.9840       974
           9     0.9929    0.9742    0.9835      1009

    accuracy                         0.9875     10000
   macro avg     0.9876    0.9874    0.9875     10000
weighted avg     0.9875    0.9875    0.9875     10000
