              precision    recall  f1-score   support

           0     0.9909    0.9980    0.9944       980
           1     0.9939    0.9974    0.9956      1135
           2     0.9903    0.9884    0.9893      1032
           3     0.9911    0.9960    0.9936      1010
           4     0.9919    0.9939    0.9929       982
           5     0.9844    0.9922    0.9883       892
           6     0.9968    0.9823    0.9895       958
           7     0.9864    0.9883    0.9874      1028
           8     0.9887    0.9897    0.9892       974
           9     0.9940    0.9822    0.9880      1009

    accuracy                         0.9909     10000
   macro avg     0.9908    0.9908    0.9908     10000
weighted avg     0.9909    0.9909    0.9909     10000
