              precision    recall  f1-score   support

           0     0.9703    0.8990    0.9333       980
           1     0.9712    0.9815    0.9763      1135
           2     0.9242    0.7684    0.8392      1032
           3     0.6687    0.9931    0.7992      1010
           4     0.9799    0.8951    0.9356       982
           5     0.9276    0.8184    0.8696       892
           6     0.9867    0.8549    0.9161       958
           7     0.9836    0.8774    0.9275      1028
           8     0.8078    0.9579    0.8765       974
           9     0.9071    0.8999    0.9035      1009

    accuracy                         0.8962     10000
   macro avg     0.9127    0.8946    0.8977     10000
weighted avg     0.9131    0.8962    0.8987     10000
