              precision    recall  f1-score   support

           0     0.8847    0.7990    0.8397       980
           1     0.9446    0.9762    0.9601      1135
           2     0.5817    0.7762    0.6650      1032
           3     0.9080    0.8307    0.8676      1010
           4     0.7398    0.7790    0.7589       982
           5     0.7785    0.7209    0.7485       892
           6     0.8517    0.8330    0.8422       958
           7     0.8213    0.8181    0.8197      1028
           8     0.7214    0.7125    0.7169       974
           9     0.7995    0.6799    0.7349      1009

    accuracy                         0.7958     10000
   macro avg     0.8031    0.7925    0.7954     10000
weighted avg     0.8047    0.7958    0.7977     10000
