              precision    recall  f1-score   support

           0     0.9073    0.9888    0.9463       980
           1     0.9815    0.9806    0.9810      1135
           2     0.9051    0.9331    0.9189      1032
           3     0.9489    0.9386    0.9438      1010
           4     0.9474    0.9542    0.9508       982
           5     0.9595    0.8767    0.9162       892
           6     0.9561    0.9551    0.9556       958
           7     0.9634    0.9475    0.9554      1028
           8     0.9640    0.9066    0.9344       974
           9     0.9026    0.9366    0.9193      1009

    accuracy                         0.9429     10000
   macro avg     0.9436    0.9418    0.9422     10000
weighted avg     0.9438    0.9429    0.9429     10000
