              precision    recall  f1-score   support

           0     0.9573    0.4571    0.6188       980
           1     0.9186    0.9648    0.9411      1135
           2     0.9502    0.3886    0.5516      1032
           3     0.7755    0.8723    0.8211      1010
           4     0.8988    0.6151    0.7304       982
           5     0.5942    0.4630    0.5205       892
           6     0.9180    0.7944    0.8517       958
           7     0.9499    0.7383    0.8309      1028
           8     0.3911    0.9795    0.5590       974
           9     0.6499    0.8682    0.7433      1009

    accuracy                         0.7192     10000
   macro avg     0.8004    0.7141    0.7168     10000
weighted avg     0.8050    0.7192    0.7219     10000
