              precision    recall  f1-score   support

           0     0.9626    0.9724    0.9675       980
           1     0.9832    0.9815    0.9824      1135
           2     0.9415    0.9360    0.9388      1032
           3     0.9397    0.9713    0.9552      1010
           4     0.9659    0.9511    0.9584       982
           5     0.9662    0.9283    0.9468       892
           6     0.9763    0.9478    0.9619       958
           7     0.9629    0.9591    0.9610      1028
           8     0.9171    0.9425    0.9296       974
           9     0.9173    0.9346    0.9259      1009

    accuracy                         0.9531     10000
   macro avg     0.9533    0.9525    0.9527     10000
weighted avg     0.9534    0.9531    0.9532     10000
